%% initializing code
function[n_mat, c_mat, counter, x] =coarse_rounded
x=-10;
old_c_mat=	[	155	,	145	,	21	;
		232	,	218	,	165	;
		163	,	155	,	22	;
		181	,	32	,	180	;
		191	,	160	,	149	;
		161	,	39	,	160	;
		150	,	40	,	41	;
		193	,	42	,	69	;
		159	,	151	,	44	;
		147	,	17	,	18	;
		146	,	64	,	65	;
		192	,	19	,	145	;
		185	,	55	,	184	;
		154	,	13	,	14	;
		202	,	172	,	197	;
		164	,	159	,	45	;
		28	,	2	,	29	;
		165	,	28	,	29	;
		182	,	31	,	181	;
		167	,	26	,	166	;
		168	,	25	,	167	;
		215	,	201	,	198	;
		226	,	198	,	203	;
		214	,	155	,	189	;
		145	,	20	,	21	;
		145	,	19	,	20	;
		192	,	18	,	19	;
		147	,	18	,	63	;
		190	,	147	,	64	;
		156	,	17	,	147	;
		216	,	158	,	194	;
		190	,	157	,	156	;
		36	,	35	,	3	;
		162	,	36	,	37	;
		222	,	208	,	217	;
		208	,	180	,	179	;
		180	,	33	,	179	;
		209	,	180	,	208	;
		232	,	29	,	30	;
		52	,	51	,	4	;
		170	,	51	,	52	;
		148	,	65	,	7	;
		172	,	49	,	171	;
		173	,	48	,	172	;
		204	,	200	,	199	;
		233	,	199	,	202	;
		177	,	159	,	164	;
		151	,	43	,	44	;
		69	,	43	,	151	;
		193	,	41	,	42	;
		150	,	41	,	193	;
		160	,	150	,	149	;
		160	,	40	,	150	;
		149	,	71	,	72	;
		162	,	37	,	153	;
		58	,	1	,	13	;
		154	,	58	,	13	;
		221	,	210	,	216	;
		210	,	184	,	183	;
		184	,	56	,	183	;
		186	,	54	,	185	;
		207	,	52	,	53	;
		214	,	145	,	155	;
		214	,	189	,	61	;
		189	,	188	,	60	;
		175	,	151	,	159	;
		177	,	68	,	175	;
		178	,	67	,	177	;
		145	,	6	,	62	;
		192	,	145	,	62	;
		157	,	16	,	156	;
		148	,	146	,	65	;
		147	,	63	,	64	;
		190	,	64	,	146	;
		171	,	50	,	170	;
		219	,	170	,	207	;
		244	,	72	,	152	;
		225	,	191	,	149	;
		150	,	70	,	71	;
		150	,	71	,	149	;
		151	,	8	,	69	;
		43	,	69	,	42	;
		152	,	72	,	5	;
		203	,	167	,	196	;
		217	,	153	,	195	;
		153	,	37	,	38	;
		206	,	58	,	154	;
		158	,	15	,	157	;
		155	,	21	,	22	;
		163	,	22	,	23	;
		216	,	206	,	154	;
		156	,	16	,	17	;
		194	,	157	,	190	;
		157	,	15	,	16	;
		158	,	154	,	14	;
		158	,	14	,	15	;
		159	,	44	,	45	;
		164	,	45	,	46	;
		191	,	161	,	160	;
		160	,	39	,	40	;
		161	,	153	,	38	;
		161	,	38	,	39	;
		205	,	35	,	162	;
		162	,	35	,	36	;
		169	,	23	,	24	;
		201	,	189	,	163	;
		174	,	46	,	47	;
		177	,	175	,	159	;
		166	,	27	,	165	;
		165	,	27	,	28	;
		196	,	167	,	166	;
		166	,	26	,	27	;
		234	,	226	,	223	;
		167	,	25	,	26	;
		187	,	152	,	5	;
		168	,	24	,	25	;
		169	,	163	,	23	;
		169	,	24	,	168	;
		211	,	184	,	210	;
		170	,	50	,	51	;
		197	,	172	,	171	;
		171	,	49	,	50	;
		236	,	233	,	224	;
		172	,	48	,	49	;
		176	,	148	,	7	;
		173	,	47	,	48	;
		174	,	164	,	46	;
		174	,	47	,	173	;
		175	,	68	,	8	;
		175	,	8	,	151	;
		176	,	7	,	66	;
		178	,	66	,	67	;
		200	,	177	,	164	;
		177	,	67	,	68	;
		200	,	178	,	177	;
		178	,	176	,	66	;
		179	,	33	,	34	;
		205	,	179	,	34	;
		212	,	182	,	181	;
		180	,	32	,	33	;
		228	,	208	,	222	;
		181	,	31	,	32	;
		232	,	182	,	218	;
		182	,	30	,	31	;
		183	,	56	,	57	;
		206	,	183	,	57	;
		213	,	186	,	185	;
		184	,	55	,	56	;
		229	,	210	,	221	;
		185	,	54	,	55	;
		219	,	207	,	186	;
		186	,	53	,	54	;
		187	,	5	,	59	;
		188	,	187	,	59	;
		188	,	59	,	60	;
		201	,	188	,	189	;
		189	,	60	,	61	;
		189	,	155	,	163	;
		190	,	156	,	147	;
		235	,	190	,	146	;
		225	,	222	,	195	;
		195	,	161	,	191	;
		192	,	62	,	63	;
		192	,	63	,	18	;
		193	,	69	,	70	;
		150	,	193	,	70	;
		194	,	158	,	157	;
		241	,	235	,	146	;
		217	,	205	,	162	;
		195	,	153	,	161	;
		239	,	226	,	234	;
		218	,	196	,	166	;
		220	,	176	,	204	;
		219	,	171	,	170	;
		198	,	169	,	168	;
		203	,	198	,	168	;
		199	,	174	,	173	;
		202	,	199	,	173	;
		200	,	164	,	174	;
		200	,	174	,	199	;
		201	,	163	,	169	;
		201	,	169	,	198	;
		202	,	173	,	172	;
		233	,	220	,	204	;
		203	,	168	,	167	;
		223	,	203	,	196	;
		204	,	176	,	178	;
		204	,	178	,	200	;
		205	,	34	,	35	;
		217	,	162	,	153	;
		206	,	57	,	58	;
		216	,	154	,	158	;
		207	,	170	,	52	;
		207	,	53	,	186	;
		217	,	208	,	179	;
		231	,	212	,	209	;
		240	,	234	,	231	;
		209	,	181	,	180	;
		216	,	210	,	183	;
		243	,	229	,	241	;
		243	,	236	,	230	;
		211	,	185	,	184	;
		238	,	218	,	212	;
		212	,	181	,	209	;
		237	,	219	,	213	;
		213	,	185	,	211	;
		214	,	61	,	6	;
		214	,	6	,	145	;
		215	,	187	,	188	;
		215	,	188	,	201	;
		221	,	216	,	194	;
		216	,	183	,	206	;
		222	,	217	,	195	;
		217	,	179	,	205	;
		218	,	166	,	165	;
		218	,	182	,	212	;
		219	,	186	,	213	;
		219	,	197	,	171	;
		224	,	202	,	197	;
		220	,	148	,	176	;
		235	,	221	,	194	;
		227	,	146	,	148	;
		225	,	195	,	191	;
		228	,	222	,	225	;
		239	,	234	,	152	;
		238	,	223	,	196	;
		237	,	224	,	197	;
		230	,	213	,	211	;
		244	,	242	,	225	;
		242	,	240	,	228	;
		226	,	215	,	198	;
		226	,	203	,	223	;
		227	,	148	,	220	;
		236	,	227	,	220	;
		240	,	231	,	228	;
		228	,	209	,	208	;
		229	,	211	,	210	;
		241	,	221	,	235	;
		237	,	230	,	224	;
		230	,	211	,	229	;
		238	,	231	,	223	;
		231	,	209	,	228	;
		232	,	165	,	29	;
		232	,	30	,	182	;
		233	,	204	,	199	;
		233	,	202	,	224	;
		239	,	152	,	187	;
		234	,	223	,	231	;
		235	,	194	,	190	;
		241	,	146	,	227	;
		236	,	220	,	233	;
		236	,	224	,	230	;
		237	,	197	,	219	;
		237	,	213	,	230	;
		238	,	196	,	218	;
		238	,	212	,	231	;
		239	,	187	,	215	;
		239	,	215	,	226	;
		242	,	228	,	225	;
		240	,	152	,	234	;
		243	,	241	,	227	;
		241	,	229	,	221	;
		244	,	225	,	149	;
		242	,	152	,	240	;
		243	,	230	,	229	;
		243	,	227	,	236	;
		244	,	149	,	72	;
		244	,	152	,	242	;
		273	,	88	,	89	;
		300	,	292	,	143	;
		300	,	144	,	289	;
		333	,	293	,	302	;
		310	,	139	,	140	;
		338	,	336	,	70	;
		299	,	295	,	135	;
		299	,	135	,	136	;
		288	,	285	,	12	;
		262	,	279	,	117	;
		328	,	287	,	326	;
		297	,	107	,	108	;
		308	,	298	,	106	;
		344	,	298	,	337	;
		311	,	306	,	102	;
		309	,	101	,	306	;
		332	,	303	,	309	;
		304	,	99	,	303	;
		301	,	286	,	97	;
		255	,	94	,	95	;
		327	,	286	,	301	;
		305	,	104	,	296	;
		280	,	128	,	129	;
		330	,	288	,	294	;
		310	,	140	,	293	;
		302	,	142	,	292	;
		246	,	81	,	82	;
		312	,	276	,	249	;
		284	,	73	,	281	;
		266	,	252	,	110	;
		266	,	110	,	111	;
		283	,	109	,	252	;
		286	,	271	,	10	;
		271	,	255	,	95	;
		271	,	95	,	96	;
		265	,	94	,	255	;
		265	,	93	,	94	;
		253	,	91	,	92	;
		268	,	91	,	253	;
		272	,	90	,	268	;
		272	,	89	,	90	;
		256	,	87	,	88	;
		257	,	87	,	256	;
		258	,	86	,	257	;
		259	,	85	,	258	;
		260	,	84	,	259	;
		318	,	260	,	259	;
		261	,	82	,	83	;
		274	,	81	,	246	;
		247	,	79	,	80	;
		275	,	79	,	247	;
		248	,	77	,	78	;
		249	,	77	,	248	;
		276	,	76	,	249	;
		277	,	75	,	276	;
		281	,	74	,	277	;
		304	,	98	,	99	;
		303	,	99	,	100	;
		306	,	101	,	102	;
		311	,	103	,	305	;
		296	,	104	,	105	;
		308	,	106	,	107	;
		287	,	11	,	283	;
		323	,	252	,	266	;
		278	,	112	,	269	;
		269	,	113	,	254	;
		270	,	114	,	115	;
		270	,	254	,	114	;
		117	,	279	,	116	;
		262	,	117	,	118	;
		262	,	118	,	119	;
		263	,	262	,	119	;
		263	,	120	,	121	;
		264	,	263	,	121	;
		264	,	122	,	250	;
		250	,	122	,	123	;
		352	,	264	,	250	;
		251	,	124	,	125	;
		124	,	251	,	250	;
		251	,	125	,	126	;
		245	,	126	,	127	;
		128	,	280	,	245	;
		280	,	129	,	130	;
		358	,	280	,	282	;
		130	,	282	,	280	;
		282	,	131	,	132	;
		285	,	282	,	132	;
		289	,	9	,	284	;
		292	,	142	,	143	;
		293	,	140	,	141	;
		290	,	138	,	139	;
		307	,	138	,	290	;
		299	,	136	,	291	;
		294	,	133	,	134	;
		356	,	251	,	245	;
		245	,	127	,	128	;
		314	,	246	,	261	;
		274	,	247	,	80	;
		274	,	80	,	81	;
		275	,	248	,	78	;
		275	,	78	,	79	;
		361	,	248	,	275	;
		322	,	312	,	59	;
		249	,	76	,	77	;
		250	,	123	,	124	;
		354	,	67	,	352	;
		251	,	126	,	245	;
		356	,	354	,	251	;
		323	,	283	,	252	;
		252	,	109	,	110	;
		267	,	92	,	93	;
		316	,	268	,	253	;
		360	,	269	,	313	;
		254	,	113	,	114	;
		315	,	255	,	271	;
		315	,	265	,	255	;
		362	,	256	,	273	;
		317	,	257	,	256	;
		363	,	257	,	317	;
		257	,	86	,	87	;
		363	,	258	,	257	;
		258	,	85	,	86	;
