%% initializing code
function[n_mat, c_mat, counter, x] =coarse_circle
x= -5;
old_n_mat=[	-5.,	-5	;	
		15.,	-5	;	
		15.,	5	;	
		-5.,	5	;	
		4.16750002,	-3.60750008	;	
		2.5,	0	;	
		-3.66666675,	-5	;	
		-2.33333325,	-5	;	
		-1.,	-5	;	
		0.333333343,	-5	;	
		1.66666663,	-5	;	
		3.,	-5	;	
		4.33333349,	-5	;	
		5.66666651,	-5	;	
		7.,	-5	;	
		8.33333302,	-5	;	
		9.66666698,	-5	;	
		11.,	-5	;	
		12.333333,	-5	;	
		13.666667,	-5	;	
		15.,	-4	;	
		15.,	-3	;	
		15.,	-2	;	
		15.,	-1	;	
		15.,	0	;	
		15.,	1	;	
		15.,	2	;	
		15.,	3	;	
		15.,	4	;	
		13.666667,	5	;	
		12.333333,	5	;	
		11.,	5	;	
		9.66666698,	5	;	
		8.33333302,	5	;	
		7.,	5	;	
		5.66666651,	5	;	
		4.33333349,	5	;	
		3.,	5	;	
		1.66666663,	5	;	
		0.333333343,	5	;	
		-1.,	5	;	
		-2.33333325,	5	;	
		-3.66666675,	5	;	
		-5.,	4	;	
		-5.,	3	;	
		-5.,	2	;	
		-5.,	1	;	
		-5.,	0	;	
		-5.,	-1	;	
		-5.,	-2	;	
		-5.,	-3	;	
		-5.,	-4	;	
		4.58415031,	-3.67888331	;	
		5.00622225,	-3.70230651	;	
		5.42821264,	-3.67746472	;	
		5.8446207,	-3.60468149	;	
		6.25001812,	-3.48490548	;	
		6.63911963,	-3.31969881	;	
		7.00685263,	-3.1112144	;	
		7.348423,	-2.86217093	;	
		7.65937805,	-2.57581449	;	
		7.93566465,	-2.25587821	;	
		8.17367935,	-1.90653336	;	
		8.37032127,	-1.53233385	;	
		8.52302551,	-1.13815796	;	
		8.62980175,	-0.729144573	;	
		8.68925762,	-0.310625583	;	
		8.70061874,	0.111942887	;	
		8.6637373,	0.533051968	;	
		8.57909203,	0.947211981	;	
		8.44778919,	1.34902358	;	
		8.27153778,	1.73324859	;	
		8.05263805,	2.09487796	;	
		7.79394197,	2.42919755	;	
		7.49882269,	2.73184872	;	
		7.17112732,	2.99888611	;	
		6.81512833,	3.22682858	;	
		6.43546581,	3.41270423	;	
		6.0370903,	3.55409002	;	
		5.62519455,	3.64914298	;	
		5.20514822,	3.6966238	;	
		4.78242779,	3.69591331	;	
		4.36254358,	3.64702106	;	
		3.9509697,	3.55058408	;	
		3.55307126,	3.40786004	;	
		3.17403603,	3.22070932	;	
		2.81880498,	2.99157166	;	
		2.49200916,	2.72343421	;	
		2.19790864,	2.41979289	;	
		1.9403379,	2.08460569	;	
		1.72265446,	1.72224236	;	
		1.54769623,	1.33742714	;	
		1.41774404,	0.935176432	;	
		1.33449209,	0.52073431	;	
		1.29902565,	0.099503622	;	
		1.31180692,	-0.323024243	;	
		1.37266958,	-0.741340995	;	
		1.48081994,	-1.1499933	;	
		1.63484824,	-1.54365361	;	
		1.83274651,	-1.91719007	;	
		2.0719347,	-2.265733	;	
		2.34929466,	-2.58473873	;	
		2.66121078,	-2.87004828	;	
		3.00361633,	-3.11794233	;	
		3.3720479,	-3.32518935	;	
		3.76170254,	-3.48908758	;	
		2.50342607,	-0.130839884	;	
		2.51369524,	-0.261321157	;	
		2.53077912,	-0.391086161	;	
		2.55463099,	-0.519779205	;	
		2.58518553,	-0.647047639	;	
		2.6223588,	-0.772542477	;	
		2.666049,	-0.895919859	;	
		2.71613646,	-1.01684165	;	
		2.77248359,	-1.13497627	;	
		2.83493638,	-1.25	;	
		2.90332365,	-1.36159754	;	
		2.97745752,	-1.46946311	;	
		3.05713511,	-1.57330096	;	
		3.142138,	-1.67282653	;	
		3.23223305,	-1.76776695	;	
		3.32717347,	-1.85786211	;	
		3.42669892,	-1.94286489	;	
		3.53053689,	-2.02254248	;	
		3.63840246,	-2.09667635	;	
		3.75,	-2.16506362	;	
		3.86502385,	-2.22751641	;	
		3.98315835,	-2.28386354	;	
		4.1040802,	-2.333951	;	
		4.22745752,	-2.3776412	;	
		4.35295248,	-2.41481447	;	
		4.48022079,	-2.44536901	;	
		4.6089139,	-2.46922088	;	
		4.73867893,	-2.48630476	;	
		4.86916018,	-2.49657393	;	
		5.,	-2.5	;	
		5.13083982,	-2.49657393	;	
		5.26132107,	-2.48630476	;	
		5.3910861,	-2.46922088	;	
		5.51977921,	-2.44536901	;	
		5.64704752,	-2.41481447	;	
		5.77254248,	-2.3776412	;	
		5.8959198,	-2.333951	;	
		6.01684141,	-2.28386354	;	
		6.13497639,	-2.22751641	;	
		6.25,	-2.16506362	;	
		6.36159754,	-2.09667635	;	
		6.46946335,	-2.02254248	;	
		6.57330084,	-1.94286489	;	
		6.67282629,	-1.85786211	;	
		6.76776695,	-1.76776695	;	
		6.857862,	-1.67282653	;	
		6.94286489,	-1.57330096	;	
		7.02254248,	-1.46946311	;	
		7.09667635,	-1.36159754	;	
		7.16506338,	-1.25	;	
		7.22751617,	-1.13497627	;	
		7.28386354,	-1.01684165	;	
		7.333951,	-0.895919859	;	
		7.3776412,	-0.772542477	;	
		7.41481447,	-0.647047639	;	
		7.44536877,	-0.519779205	;	
		7.46922064,	-0.391086161	;	
		7.48630476,	-0.261321157	;	
		7.49657393,	-0.130839884	;	
		7.5,	0	;	
		7.49657393,	0.130839884	;	
		7.48630476,	0.261321157	;	
		7.46922064,	0.391086161	;	
		7.44536877,	0.519779205	;	
		7.41481447,	0.647047639	;	
		7.3776412,	0.772542477	;	
		7.333951,	0.895919859	;	
		7.28386354,	1.01684165	;	
		7.22751617,	1.13497627	;	
		7.16506338,	1.25	;	
		7.09667635,	1.36159754	;	
		7.02254248,	1.46946311	;	
		6.94286489,	1.57330096	;	
		6.857862,	1.67282653	;	
		6.76776695,	1.76776695	;	
		6.67282629,	1.85786211	;	
		6.57330084,	1.94286489	;	
		6.46946335,	2.02254248	;	
		6.36159754,	2.09667635	;	
		6.25,	2.16506362	;	
		6.13497639,	2.22751641	;	
		6.01684141,	2.28386354	;	
		5.8959198,	2.333951	;	
		5.77254248,	2.3776412	;	
		5.64704752,	2.41481447	;	
		5.51977921,	2.44536901	;	
		5.3910861,	2.46922088	;	
		5.26132107,	2.48630476	;	
		5.13083982,	2.49657393	;	
		5.,	2.5	;	
		4.86916018,	2.49657393	;	
		4.73867893,	2.48630476	;	
		4.6089139,	2.46922088	;	
		4.48022079,	2.44536901	;	
		4.35295248,	2.41481447	;	
		4.22745752,	2.3776412	;	
		4.1040802,	2.333951	;	
		3.98315835,	2.28386354	;	
		3.86502385,	2.22751641	;	
		3.75,	2.16506362	;	
		3.63840246,	2.09667635	;	
		3.53053689,	2.02254248	;	
		3.42669892,	1.94286489	;	
		3.32717347,	1.85786211	;	
		3.23223305,	1.76776695	;	
		3.142138,	1.67282653	;	
		3.05713511,	1.57330096	;	
		2.97745752,	1.46946311	;	
		2.90332365,	1.36159754	;	
		2.83493638,	1.25	;	
		2.77248359,	1.13497627	;	
		2.71613646,	1.01684165	;	
		2.666049,	0.895919859	;	
		2.6223588,	0.772542477	;	
		2.58518553,	0.647047639	;	
		2.55463099,	0.519779205	;	
		2.53077912,	0.391086161	;	
		2.51369524,	0.261321157	;	
		2.50342607,	0.130839884	;	
		4.37901449,	-4.07121134	;	
		3.49613309,	-3.86853838	;	
		4.25435448,	4.07178593	;	
		5.27509785,	-4.16252851	;	
		3.49217558,	3.93059707	;	
		5.76489925,	4.11099625	;	
		6.26852274,	-4.0806098	;	
		6.56464005,	3.64199829	;	
		2.26512933,	2.84278131	;	
		2.49631071,	-3.85340452	;	
		7.90697384,	3.17271471	;	
		6.38531923,	4.17344189	;	
		9.42349815,	0.040856235	;	
		7.96315765,	-3.44246221	;	
		2.764328,	3.75493288	;	
		8.43085194,	2.33633232	;	
		7.20183086,	-3.99233079	;	
		8.69438839,	-1.92479789	;	
		0.672789514,	0.65663588	;	
		1.98499262,	-3.19654775	;	
		0.741620958,	-0.933165312	;	
		1.15677464,	-1.72786558	;	
		1.66092026,	2.78368902	;	
		8.46519947,	-2.5783596	;	
		9.16281128,	-1.33215451	;	
		2.15600371,	3.29541874	;	
		0.915888608,	1.40280986	;	
		0.629843831,	-0.13640587	;	
		1.50137198,	-2.54839778	;	
		1.22323251,	2.11765909	;	
		9.32095528,	0.988161743	;	
		5.09028912,	4.17492342	;	
		8.82984829,	1.61598814	;	
		9.60340405,	-0.690604925	;	
		0.310699821,	-1.69150317	;	
		0.192510068,	1.37409747	;	
		0.43808192,	1.99301279	;	
		9.24830246,	-2.27264643	;	
		0.579584181,	2.58439064	;	
		0.622348905,	-2.35516477	;	
		9.16942978,	-2.9466114	;	
		0.800487161,	-2.99531507	;	
		8.82627583,	3.09359789	;	
		1.03077698,	3.02188659	;	
		8.78389263,	-3.34248662	;	
		1.26303983,	-3.43001771	;	
		8.41691875,	3.87481093	;	
		1.55410492,	3.4318645	;	
		9.2052927,	2.31455469	;	
		9.47592449,	1.703125	;	
		10.1085844,	-1.12061918	;	
		-0.232585028,	0.87426585	;	
		-0.112253912,	0.199102998	;	
		10.2778082,	0.117075488	;	
		10.1079426,	0.699461401	;	
		-0.16965574,	-1.19559002	;	
		10.1707239,	-0.437247217	;	
		-0.0850165114,	-0.512956262	;	
		0.290431112,	3.23444223	;	
		-0.038244497,	2.56223536	;	
		9.44105148,	-3.67855358	;	
		-0.12202508,	-2.27865553	;	
		0.546470523,	-3.73841357	;	
		10.1017675,	-1.99978733	;	
		-0.239124134,	1.92268264	;	
		9.82416153,	-2.91688633	;	
		0.144326612,	-3.00805783	;	
		9.18824387,	3.97083974	;	
		1.69963241,	-3.93752146	;	
