%% initializing code
function[n_mat, c_mat, counter, x] =fine_rounded
x=-10;
old_c_mat= [610	,	420	,	275	;
		259	,	46	,	258	;
		355	,	135	,	354	;
		299	,	59	,	298	;
		292	,	66	,	291	;
		385	,	77	,	78	;
		243	,	164	,	242	;
		328	,	83	,	327	;
		410	,	391	,	326	;
		324	,	86	,	87	;
		320	,	90	,	91	;
		508	,	323	,	322	;
		338	,	124	,	337	;
		387	,	24	,	280	;
		251	,	145	,	249	;
		252	,	29	,	30	;
		392	,	277	,	276	;
		393	,	279	,	278	;
		345	,	117	,	344	;
		255	,	13	,	14	;
		308	,	103	,	307	;
		367	,	154	,	366	;
		51	,	2	,	52	;
		305	,	52	,	53	;
		524	,	396	,	443	;
		615	,	524	,	598	;
		524	,	521	,	396	;
		386	,	47	,	48	;
		592	,	258	,	386	;
		260	,	45	,	259	;
		261	,	44	,	260	;
		262	,	43	,	261	;
		263	,	240	,	5	;
		264	,	42	,	262	;
		489	,	360	,	481	;
		266	,	40	,	265	;
		267	,	39	,	266	;
		552	,	473	,	543	;
		269	,	36	,	241	;
		270	,	35	,	269	;
		271	,	34	,	270	;
		570	,	488	,	492	;
		273	,	32	,	272	;
		274	,	31	,	273	;
		363	,	275	,	139	;
		276	,	29	,	252	;
		525	,	277	,	253	;
		278	,	27	,	277	;
		398	,	279	,	393	;
		279	,	26	,	278	;
		280	,	25	,	279	;
		387	,	23	,	24	;
		595	,	281	,	387	;
		429	,	400	,	283	;
		283	,	21	,	282	;
		283	,	20	,	21	;
		284	,	19	,	20	;
		285	,	18	,	19	;
		287	,	17	,	286	;
		401	,	287	,	286	;
		402	,	128	,	255	;
		71	,	70	,	3	;
		336	,	71	,	72	;
		596	,	591	,	494	;
		388	,	68	,	69	;
		591	,	290	,	388	;
		291	,	67	,	290	;
		293	,	65	,	292	;
		294	,	64	,	293	;
		295	,	63	,	294	;
		404	,	295	,	294	;
		296	,	62	,	295	;
		297	,	61	,	296	;
		298	,	60	,	297	;
		300	,	58	,	299	;
		301	,	57	,	300	;
		302	,	56	,	301	;
		303	,	55	,	302	;
		304	,	54	,	303	;
		305	,	53	,	304	;
		110	,	109	,	4	;
		351	,	110	,	111	;
		526	,	407	,	467	;
		616	,	526	,	599	;
		526	,	523	,	407	;
		389	,	105	,	106	;
		589	,	306	,	389	;
		307	,	104	,	306	;
		309	,	102	,	308	;
		310	,	101	,	309	;
		311	,	256	,	7	;
		312	,	100	,	310	;
		383	,	372	,	380	;
		314	,	98	,	313	;
		315	,	97	,	314	;
		377	,	370	,	369	;
		317	,	94	,	257	;
		318	,	93	,	317	;
		384	,	365	,	364	;
		319	,	92	,	318	;
		321	,	90	,	320	;
		409	,	321	,	320	;
		323	,	88	,	322	;
		508	,	375	,	323	;
		410	,	325	,	246	;
		410	,	245	,	391	;
		391	,	327	,	326	;
		327	,	84	,	326	;
		329	,	82	,	328	;
		452	,	328	,	327	;
		520	,	413	,	519	;
		412	,	80	,	330	;
		412	,	79	,	80	;
		385	,	331	,	77	;
		332	,	76	,	331	;
		333	,	75	,	332	;
		334	,	74	,	333	;
		335	,	73	,	334	;
		336	,	72	,	335	;
		128	,	1	,	13	;
		255	,	128	,	13	;
		414	,	126	,	127	;
		432	,	288	,	431	;
		415	,	284	,	400	;
		390	,	125	,	126	;
		339	,	123	,	338	;
		340	,	122	,	339	;
		341	,	121	,	340	;
		342	,	120	,	341	;
		463	,	343	,	462	;
		343	,	119	,	342	;
		344	,	118	,	343	;
		346	,	116	,	345	;
		347	,	115	,	346	;
		348	,	114	,	347	;
		349	,	113	,	348	;
		350	,	112	,	349	;
		351	,	111	,	350	;
		352	,	6	,	239	;
		488	,	483	,	353	;
		685	,	604	,	483	;
		354	,	136	,	353	;
		356	,	134	,	355	;
		553	,	472	,	552	;
		357	,	133	,	356	;
		756	,	755	,	687	;
		359	,	131	,	358	;
		361	,	147	,	256	;
		362	,	144	,	251	;
		392	,	363	,	140	;
		364	,	8	,	247	;
		587	,	490	,	450	;
		381	,	366	,	376	;
		366	,	155	,	365	;
		368	,	153	,	367	;
		379	,	377	,	369	;
		369	,	152	,	368	;
		516	,	377	,	512	;
		371	,	150	,	370	;
		373	,	166	,	240	;
		374	,	163	,	243	;
		375	,	246	,	324	;
		272	,	32	,	33	;
		239	,	6	,	138	;
		240	,	166	,	5	;
		263	,	5	,	129	;
		241	,	36	,	37	;
		268	,	37	,	38	;
		242	,	164	,	165	;
		373	,	165	,	166	;
		330	,	81	,	329	;
		243	,	163	,	164	;
		244	,	161	,	162	;
		374	,	162	,	163	;
		245	,	160	,	161	;
		245	,	161	,	244	;
		246	,	159	,	160	;
		246	,	160	,	245	;
		247	,	8	,	157	;
		248	,	247	,	157	;
		248	,	157	,	158	;
		375	,	324	,	323	;
		249	,	145	,	146	;
		361	,	146	,	147	;
		250	,	142	,	143	;
		362	,	143	,	144	;
		282	,	22	,	281	;
		251	,	144	,	145	;
		420	,	274	,	273	;
		363	,	276	,	252	;
		253	,	140	,	141	;
		254	,	253	,	141	;
		254	,	141	,	142	;
		611	,	142	,	250	;
		289	,	15	,	288	;
		288	,	16	,	287	;
		256	,	147	,	7	;
		311	,	7	,	148	;
		257	,	94	,	95	;
		316	,	95	,	96	;
		258	,	46	,	47	;
		421	,	299	,	298	;
		422	,	259	,	397	;
		259	,	45	,	46	;
		423	,	260	,	422	;
		260	,	44	,	45	;
		424	,	261	,	423	;
		261	,	43	,	44	;
		657	,	649	,	536	;
		262	,	42	,	43	;
		360	,	129	,	130	;
		265	,	41	,	264	;
		264	,	41	,	42	;
		424	,	262	,	261	;
		543	,	474	,	529	;
		265	,	40	,	41	;
		358	,	132	,	357	;
		266	,	39	,	40	;
		268	,	38	,	267	;
		267	,	38	,	39	;
		710	,	689	,	690	;
		268	,	241	,	37	;
		353	,	137	,	352	;
		269	,	35	,	36	;
		492	,	488	,	352	;
		270	,	34	,	35	;
		427	,	272	,	271	;
		271	,	33	,	34	;
		570	,	492	,	427	;
		272	,	33	,	271	;
		275	,	239	,	138	;
		273	,	31	,	32	;
		274	,	252	,	30	;
		274	,	30	,	31	;
		275	,	138	,	139	;
		610	,	275	,	363	;
		276	,	28	,	29	;
		610	,	363	,	252	;
		277	,	27	,	28	;
		277	,	28	,	276	;
		278	,	26	,	27	;
		525	,	254	,	393	;
		611	,	393	,	254	;
		279	,	25	,	26	;
		387	,	281	,	23	;
		280	,	24	,	25	;
		281	,	22	,	23	;
		623	,	595	,	518	;
		429	,	282	,	399	;
		282	,	21	,	22	;
		499	,	251	,	249	;
		284	,	20	,	283	;
		806	,	737	,	673	;
		285	,	19	,	284	;
		415	,	285	,	284	;
		286	,	18	,	285	;
		390	,	337	,	125	;
		286	,	17	,	18	;
		431	,	287	,	401	;
		287	,	16	,	17	;
		557	,	555	,	431	;
		288	,	15	,	16	;
		289	,	255	,	14	;
		289	,	14	,	15	;
		290	,	67	,	68	;
		433	,	332	,	331	;
		434	,	291	,	403	;
		291	,	66	,	67	;
		435	,	292	,	434	;
		292	,	65	,	66	;
		435	,	293	,	292	;
		293	,	64	,	65	;
		537	,	531	,	437	;
		294	,	63	,	64	;
		437	,	295	,	404	;
		295	,	62	,	63	;
		438	,	296	,	437	;
		296	,	61	,	62	;
		438	,	297	,	296	;
		297	,	60	,	61	;
		546	,	539	,	395	;
		298	,	59	,	60	;
		440	,	299	,	421	;
		299	,	58	,	59	;
		577	,	421	,	563	;
		300	,	57	,	58	;
		395	,	394	,	303	;
		301	,	56	,	57	;
		394	,	304	,	303	;
		302	,	55	,	56	;
		443	,	396	,	49	;
		303	,	54	,	55	;
		496	,	304	,	394	;
		304	,	53	,	54	;
		444	,	51	,	305	;
		305	,	51	,	52	;
		306	,	104	,	105	;
		445	,	345	,	344	;
		446	,	307	,	408	;
		307	,	103	,	104	;
		447	,	308	,	446	;
		308	,	102	,	103	;
		549	,	542	,	447	;
		309	,	101	,	102	;
		491	,	311	,	383	;
		310	,	100	,	101	;
		372	,	148	,	149	;
		313	,	99	,	312	;
		312	,	99	,	100	;
		576	,	449	,	562	;
		378	,	370	,	377	;
		313	,	98	,	99	;
		370	,	151	,	369	;
		314	,	97	,	98	;
		316	,	96	,	315	;
		315	,	96	,	97	;
		583	,	475	,	476	;
		316	,	257	,	95	;
		365	,	156	,	364	;
		317	,	93	,	94	;
		384	,	376	,	365	;
		318	,	92	,	93	;
		588	,	587	,	418	;
		319	,	91	,	92	;
		451	,	409	,	247	;
		320	,	91	,	319	;
		451	,	322	,	321	;
		321	,	89	,	90	;
		322	,	88	,	89	;
		322	,	89	,	321	;
		375	,	248	,	158	;
		323	,	87	,	88	;
		325	,	324	,	246	;
		324	,	87	,	323	;
		325	,	85	,	86	;
		325	,	86	,	324	;
		326	,	84	,	85	;
		326	,	85	,	325	;
		452	,	327	,	391	;
		327	,	83	,	84	;
		586	,	411	,	504	;
		328	,	82	,	83	;
		453	,	329	,	411	;
		329	,	81	,	82	;
		759	,	612	,	744	;
		330	,	80	,	81	;
		331	,	76	,	77	;
		628	,	579	,	585	;
		454	,	332	,	433	;
		332	,	75	,	76	;
		455	,	333	,	454	;
		333	,	74	,	75	;
		596	,	494	,	456	;
		334	,	73	,	74	;
		494	,	336	,	335	;
		335	,	72	,	73	;
		457	,	70	,	336	;
		336	,	70	,	71	;
		590	,	337	,	390	;
		337	,	124	,	125	;
		459	,	338	,	458	;
		338	,	123	,	124	;
		460	,	339	,	459	;
		339	,	122	,	123	;
		460	,	340	,	339	;
		340	,	121	,	122	;
		929	,	361	,	498	;
		341	,	120	,	121	;
		462	,	342	,	416	;
		342	,	119	,	120	;
		462	,	343	,	342	;
		343	,	118	,	119	;
		538	,	533	,	406	;
		344	,	117	,	118	;
		464	,	345	,	445	;
		345	,	116	,	117	;
		551	,	445	,	463	;
		346	,	115	,	116	;
		406	,	405	,	349	;
		347	,	114	,	115	;
		405	,	350	,	349	;
		348	,	113	,	114	;
		467	,	407	,	107	;
		349	,	112	,	113	;
		497	,	350	,	405	;
		350	,	111	,	112	;
		468	,	109	,	351	;
		351	,	109	,	110	;
		352	,	137	,	6	;
