%% initializing code
function[n_mat, c_mat, counter, x] = fine_circle


	x= -5;	
	old_n_mat=[	-5	,	-5	;
		15	,	-5	;
		15	,	5	;
		-5	,	5	;
		4.16750002	,	-3.60750008	;
		2.5	,	0	;
		-3.66666675	,	-5	;
		-2.33333325	,	-5	;
		-1	,	-5	;
		0.333333343	,	-5	;
		1.66666663	,	-5	;
		3	,	-5	;
		4.33333349	,	-5	;
		5.66666651	,	-5	;
		7	,	-5	;
		8.33333302	,	-5	;
		9.66666698	,	-5	;
		11	,	-5	;
		12.333333	,	-5	;
		13.666667	,	-5	;
		15	,	-4	;
		15	,	-3	;
		15	,	-2	;
		15	,	-1	;
		15	,	0	;
		15	,	1	;
		15	,	2	;
		15	,	3	;
		15	,	4	;
		13.666667	,	5	;
		12.333333	,	5	;
		11	,	5	;
		9.66666698	,	5	;
		8.33333302	,	5	;
		7	,	5	;
		5.66666651	,	5	;
		4.33333349	,	5	;
		3	,	5	;
		1.66666663	,	5	;
		0.333333343	,	5	;
		-1	,	5	;
		-2.33333325	,	5	;
		-3.66666675	,	5	;
		-5	,	4	;
		-5	,	3	;
		-5	,	2	;
		-5	,	1	;
		-5	,	0	;
		-5	,	-1	;
		-5	,	-2	;
		-5	,	-3	;
		-5	,	-4	;
		4.58415031	,	-3.67888331	;
		5.00622225	,	-3.70230651	;
		5.42821264	,	-3.67746472	;
		5.8446207	,	-3.60468149	;
		6.25001812	,	-3.48490548	;
		6.63911963	,	-3.31969881	;
		7.00685263	,	-3.1112144	;
		7.348423	,	-2.86217093	;
		7.65937805	,	-2.57581449	;
		7.93566465	,	-2.25587821	;
		8.17367935	,	-1.90653336	;
		8.37032127	,	-1.53233385	;
		8.52302551	,	-1.13815796	;
		8.62980175	,	-0.729144573	;
		8.68925762	,	-0.310625583	;
		8.70061874	,	0.111942887	;
		8.6637373	,	0.533051968	;
		8.57909203	,	0.947211981	;
		8.44778919	,	1.34902358	;
		8.27153778	,	1.73324859	;
		8.05263805	,	2.09487796	;
		7.79394197	,	2.42919755	;
		7.49882269	,	2.73184872	;
		7.17112732	,	2.99888611	;
		6.81512833	,	3.22682858	;
		6.43546581	,	3.41270423	;
		6.0370903	,	3.55409002	;
		5.62519455	,	3.64914298	;
		5.20514822	,	3.6966238	;
		4.78242779	,	3.69591331	;
		4.36254358	,	3.64702106	;
		3.9509697	,	3.55058408	;
		3.55307126	,	3.40786004	;
		3.17403603	,	3.22070932	;
		2.81880498	,	2.99157166	;
		2.49200916	,	2.72343421	;
		2.19790864	,	2.41979289	;
		1.9403379	,	2.08460569	;
		1.72265446	,	1.72224236	;
		1.54769623	,	1.33742714	;
		1.41774404	,	0.935176432	;
		1.33449209	,	0.52073431	;
		1.29902565	,	0.099503622	;
		1.31180692	,	-0.323024243	;
		1.37266958	,	-0.741340995	;
		1.48081994	,	-1.1499933	;
		1.63484824	,	-1.54365361	;
		1.83274651	,	-1.91719007	;
		2.0719347	,	-2.265733	;
		2.34929466	,	-2.58473873	;
		2.66121078	,	-2.87004828	;
		3.00361633	,	-3.11794233	;
		3.3720479	,	-3.32518935	;
		3.76170254	,	-3.48908758	;
		2.50342607	,	-0.130839884	;
		2.51369524	,	-0.261321157	;
		2.53077912	,	-0.391086161	;
		2.55463099	,	-0.519779205	;
		2.58518553	,	-0.647047639	;
		2.6223588	,	-0.772542477	;
		2.666049	,	-0.895919859	;
		2.71613646	,	-1.01684165	;
		2.77248359	,	-1.13497627	;
		2.83493638	,	-1.25	;
		2.90332365	,	-1.36159754	;
		2.97745752	,	-1.46946311	;
		3.05713511	,	-1.57330096	;
		3.142138	,	-1.67282653	;
		3.23223305	,	-1.76776695	;
		3.32717347	,	-1.85786211	;
		3.42669892	,	-1.94286489	;
		3.53053689	,	-2.02254248	;
		3.63840246	,	-2.09667635	;
		3.75	,	-2.16506362	;
		3.86502385	,	-2.22751641	;
		3.98315835	,	-2.28386354	;
		4.1040802	,	-2.333951	;
		4.22745752	,	-2.3776412	;
		4.35295248	,	-2.41481447	;
		4.48022079	,	-2.44536901	;
		4.6089139	,	-2.46922088	;
		4.73867893	,	-2.48630476	;
		4.86916018	,	-2.49657393	;
		5	,	-2.5	;
		5.13083982	,	-2.49657393	;
		5.26132107	,	-2.48630476	;
		5.3910861	,	-2.46922088	;
		5.51977921	,	-2.44536901	;
		5.64704752	,	-2.41481447	;
		5.77254248	,	-2.3776412	;
		5.8959198	,	-2.333951	;
		6.01684141	,	-2.28386354	;
		6.13497639	,	-2.22751641	;
		6.25	,	-2.16506362	;
		6.36159754	,	-2.09667635	;
		6.46946335	,	-2.02254248	;
		6.57330084	,	-1.94286489	;
		6.67282629	,	-1.85786211	;
		6.76776695	,	-1.76776695	;
		6.857862	,	-1.67282653	;
		6.94286489	,	-1.57330096	;
		7.02254248	,	-1.46946311	;
		7.09667635	,	-1.36159754	;
		7.16506338	,	-1.25	;
		7.22751617	,	-1.13497627	;
		7.28386354	,	-1.01684165	;
		7.333951	,	-0.895919859	;
		7.3776412	,	-0.772542477	;
		7.41481447	,	-0.647047639	;
		7.44536877	,	-0.519779205	;
		7.46922064	,	-0.391086161	;
		7.48630476	,	-0.261321157	;
		7.49657393	,	-0.130839884	;
		7.5	,	0	;
		7.49657393	,	0.130839884	;
		7.48630476	,	0.261321157	;
		7.46922064	,	0.391086161	;
		7.44536877	,	0.519779205	;
		7.41481447	,	0.647047639	;
		7.3776412	,	0.772542477	;
		7.333951	,	0.895919859	;
		7.28386354	,	1.01684165	;
		7.22751617	,	1.13497627	;
		7.16506338	,	1.25	;
		7.09667635	,	1.36159754	;
		7.02254248	,	1.46946311	;
		6.94286489	,	1.57330096	;
		6.857862	,	1.67282653	;
		6.76776695	,	1.76776695	;
		6.67282629	,	1.85786211	;
		6.57330084	,	1.94286489	;
		6.46946335	,	2.02254248	;
		6.36159754	,	2.09667635	;
		6.25	,	2.16506362	;
		6.13497639	,	2.22751641	;
		6.01684141	,	2.28386354	;
		5.8959198	,	2.333951	;
		5.77254248	,	2.3776412	;
		5.64704752	,	2.41481447	;
		5.51977921	,	2.44536901	;
		5.3910861	,	2.46922088	;
		5.26132107	,	2.48630476	;
		5.13083982	,	2.49657393	;
		5	,	2.5	;
		4.86916018	,	2.49657393	;
		4.73867893	,	2.48630476	;
		4.6089139	,	2.46922088	;
		4.48022079	,	2.44536901	;
		4.35295248	,	2.41481447	;
		4.22745752	,	2.3776412	;
		4.1040802	,	2.333951	;
		3.98315835	,	2.28386354	;
		3.86502385	,	2.22751641	;
		3.75	,	2.16506362	;
		3.63840246	,	2.09667635	;
		3.53053689	,	2.02254248	;
		3.42669892	,	1.94286489	;
		3.32717347	,	1.85786211	;
		3.23223305	,	1.76776695	;
		3.142138	,	1.67282653	;
		3.05713511	,	1.57330096	;
		2.97745752	,	1.46946311	;
		2.90332365	,	1.36159754	;
		2.83493638	,	1.25	;
		2.77248359	,	1.13497627	;
		2.71613646	,	1.01684165	;
		2.666049	,	0.895919859	;
		2.6223588	,	0.772542477	;
		2.58518553	,	0.647047639	;
		2.55463099	,	0.519779205	;
		2.53077912	,	0.391086161	;
		2.51369524	,	0.261321157	;
		2.50342607	,	0.130839884	;
		4.336689	,	-4.0914607	;
		3.06676459	,	-3.60447717	;
		8.23300648	,	2.52281737	;
		7.4840126	,	3.23081303	;
		3.49902987	,	-3.72967243	;
		4.50797606	,	4.13707733	;
		7.1587553	,	-3.56766224	;
		8.93603134	,	-1.02572417	;
		8.62403965	,	-1.89955485	;
		6.34350872	,	3.78021955	;
		5.14641047	,	-4.27727747	;
		2.69780874	,	-3.32627177	;
		7.45970201	,	-3.25093579	;
		4.99785662	,	4.27750587	;
		9.04666328	,	0.352295071	;
		7.09625483	,	3.39890432	;
		8.10861683	,	-2.66643095	;
		9.05649471	,	-0.10977868	;
		8.98675346	,	0.806953013	;
		4.6813612	,	-4.14998579	;
		4.05667734	,	4.06031513	;
		8.5311079	,	2.13552213	;
		3.66586137	,	3.7819159	;
		2.89593601	,	3.39122415	;
		5.77686548	,	-4.12838459	;
		9.0199213	,	-0.57049185	;
		5.94606161	,	4.05760384	;
		8.87611771	,	1.24826717	;
		6.64519691	,	-3.80265021	;
		5.48818541	,	4.13617516	;
		6.18480682	,	-3.87189221	;
		6.74048662	,	3.65522218	;
		8.80658054	,	-1.4708904	;
		1.19839966	,	-1.4848423	;
		3.25412297	,	3.65071034	;
		1.75128186	,	2.51056123	;
		7.8030591	,	-3.02382898	;
		1.38066149	,	-1.91707182	;
		1.48450446	,	2.11333966	;
		0.951087952	,	0.340004474	;
		2.31501317	,	-3.12704635	;
		7.89234304	,	2.90389776	;
		1.9285332	,	-2.74416423	;
		1.01055431	,	0.799724698	;
		8.39208698	,	-2.30236673	;
		1.06413579	,	-1.03980529	;
		0.940346658	,	-0.122913927	;
		1.11880839	,	1.25190902	;
		0.978025675	,	-0.584353507	;
		2.50718117	,	3.21575093	;
		1.62016773	,	-2.33876276	;
		2.09056211	,	2.88613987	;
		1.2748543	,	1.69203639	;
		3.91266012	,	-4.02108049	;
		8.7453537	,	1.70399928	;
		3.37570286	,	-4.21453094	;
		2.44501066	,	-3.9479115	;
		7.88390923	,	3.5067184	;
		9.41367817	,	0.633577704	;
		6.48949432	,	4.22982836	;
		9.3800211	,	-0.873000503	;
		8.90520191	,	-2.3340013	;
		9.45107365	,	0.129892111	;
		7.97967339	,	-3.70858383	;
		2.73745465	,	3.86793733	;
		8.35902309	,	3.05180287	;
		6.42025709	,	-4.33927965	;
		8.65797234	,	2.58953142	;
		7.2562027	,	-4.23636293	;
		9.12559986	,	-1.85972655	;
		3.50790834	,	4.22681332	;
